
function mpc = NewEngland_New()
% function mpc = NewEngland_New()
%CASE New England    
%   Power flow data for 39 bus, 10 generator New England case.
%   Please see CASEFORMAT for details on the case file format.
%
%   Based on data from: Pai M.A.: ‘Energy Function Analysis for
%   Power System Stability’, Kluwer Academic Publishers, 1989.

%   MATPOWER
%   $Id: case9.m,v 1.11 2010/03/10 18:08:14 ray Exp $

%% MATPOWER Case Format : Version 2
mpc.version = '2';

%%-----  Power Flow Data  -----%%
%% system MVA base
mpc.baseMVA = 100;

%% bus data
%	bus_i	type	Pd	Qd	Gs	Bs	area	Vm	Va	baseKV	zone	Vmax	Vmin
%Bus   kVb    V_o     ang_o  Area Reg
%num
mpc.bus = [
  1	  1 0       0       0	0	1	1	0	1.00    1	 1.05	0.95;
  2	  1 0       0       0	0	1	1	0	1.00    1	 1.05	0.95;
  3	  1 322     2.40    0	0	1	1	0	1.00    1	 1.05	0.95;
  4	  1 500     184     0	0	1	1	0	1.00    1	 1.05	0.95;
  5	  1 0       0       0	0	1	1	0	1.00    1	 1.05	0.95;
  6	  1 0       0       0	0	1	1	0	1.00    1	 1.05	0.95;
  7	  1 233.8   84      0	0	1	1	0	1.00    1	 1.05	0.95;
  8	  1 522     176     0	0	1	1	0	1.00    1	 1.05	0.95;
  9	  1 0       0       0	0	1	1	0	1.00    1	 1.05	0.95;
 10	  1 0       0       0	0	1	1	0	1.00    1	 1.05	0.95;
 11	  1 0       0       0	0	1	1	0	1.00    1	 1.05	0.95;
 12	  1 7.5     88      0	0	1	1	0	1.00    1	 1.05	0.95;
 13	  1 0       0       0	0	1	1	0	1.00    1	 1.05	0.95;
 14	  1 0       0       0	0	1	1	0	1.00    1	 1.05	0.95;
 15	  1 320     153     0	0	1	1	0	1.00    1	 1.05	0.95;
 16	  1 329     32.3    0	0	1	1	0	1.00    1	 1.05	0.95;
 17	  1 0       0       0	0	1	1	0	1.00    1	 1.05	0.95;
 18	  1 158     30      0	0	1	1	0	1.00    1	 1.05	0.95;
 19	  1 0       0       0	0	1	1	0	1.00    1	 1.05	0.95;
 20	  1 628     103     0	0	1	1	0	1.00    1	 1.05	0.95;
 21	  1 274     115     0	0	1	1	0	1.00    1	 1.05	0.95;
 22	  1 0       0       0	0	1	1	0	1.00    1	 1.05	0.95;
 23	  1 247.5   84.6    0	0	1	1	0	1.00    1	 1.05	0.95;
 24	  1 308.6   -92.2   0	0	1	1	0	1.00    1	 1.05	0.95;
 25	  1 224     47.2    0	0	1	1	0	1.00    1	 1.05	0.95;
 26	  1 139     17      0	0	1	1	0	1.00    1	 1.05	0.95;
 27	  1 281     75.5    0	0	1	1	0	1.00    1	 1.05	0.95;
 28	  1 206     27.6    0	0	1	1	0	1.00    1	 1.05	0.95;
 29	  1 283.5   26.9    0	0	1	1	0	1.00    1	 1.05	0.95;
 30	  2 0       0       0	0	1	1	0	1.00    1	 1.05	0.95;
 31	  3 9.2     4.6     0	0	1	1	0	1.00    1	 1.05	0.95;
 32	  2 0       0       0	0	1	1	0	1.00    1	 1.05	0.95;
 33	  2 0       0       0	0	1	1	0	1.00    1	 1.05	0.95;
 34	  2 0       0       0	0	1	1	0	1.00    1	 1.05	0.95;
 35	  2 0       0       0	0	1	1	0	1.00    1	 1.05	0.95;
 36	  2 0       0       0	0	1	1	0	1.00    1	 1.05	0.95;
 37	  2 0       0       0	0	1	1	0	1.00    1	 1.05	0.95;
 38	  2 0       0       0	0	1	1	0	1.00    1	 1.05	0.95;
 39	  2 1104    250     0	0	1	1	0	1.00    1	 1.05	0.95;
];

%% generator data
%	bus	Pg	Qg	Qmax	Qmin	Vg	mBase	status	Pmax	Pmin	Pc1	Pc2	Qc1min	Qc1max	Qc2min	Qc2max	ramp_agc	ramp_10	ramp_30	ramp_q	apf
mpc.gen = [
    39	1000	0	550	-400	1.03	100	1	1000	300	0	0	0	0	0	0	0	0	0	0	0;
    31	0       0	600 -500	0.982	100	1	1200 	150	0	0	0	0	0	0	0	0	0	0	0;
	32	650     0	320	-250	0.9831	100	1	750     50	0	0	0	0	0	0	0	0	0	0	0;
    33	632     0	310	-250	0.9972	100	1	700 	120	0	0	0	0	0	0	0	0	0	0	0;
	34	508     0	260	-200	1.0123	100	1	600     150	0	0	0	0	0	0	0	0	0	0	0;
	35	650     0	320	-250	1.0493	100	1	800 	160	0	0	0	0	0	0	0	0	0	0	0;
    36	560     0	280	-200	1.0635	100	1	750     70	0	0	0	0	0	0	0	0	0	0	0;
	37	540     0	280	-200	1.0278	100	1	700     100	0	0	0	0	0	0	0	0	0	0	0;
	38	830     0	410	-300	1.0265	100	1	950     180	0	0	0	0	0	0	0	0	0	0	0;
    30	250     0	150	-100	1.0475	100	1	500     80	0	0	0	0	0	0	0	0	0	0	0;
    % Unserved load generators
    8	0       0	50	 -25    1   	100	1	100000  0	0	0	0	0	0	0	0	0	0	0	0;
    4	0       0	50	 -25    1   	100	1	100000  0	0	0	0	0	0	0	0	0	0	0	0;
    17	0       0	50	 -25    1   	100	1	100000  0	0	0	0	0	0	0	0	0	0	0	0; 

 ];

%% branch data
%fbust bus	   r	    x	     b	   rateA	rateB	rateC	ratio	angle	status	angmin	angmax
